
u0 =

    0.0005
    0.0100
    0.0010
    0.0006
    0.0020
         0
         
         
         constants =

    4.0000
    1.2500
    0.7500
    1.3000
    3.0000
    0.2500